-0.797959 
-0.852084 
-0.853361 
-0.821066 
-0.858822 
-0.755544 
-0.745991 
-0.817434 
-0.854349 
-0.840811 
-0.831292 
-0.853865 
-0.8643 
-0.839825 
-0.828456 
-0.852974 
-0.832037 
-0.864048 
-0.759108 
-0.842104 
-0.859765 
-0.822926 
-0.793883 
-0.836958 
-0.857627 
-0.801624 
-0.864356 
-0.86422 
-0.854637 
-0.86137 
-0.862876 
-0.853026 
-0.84959 
-0.84907 
-0.84209 
-0.858237 
-0.863152 
-0.862764 
-0.781324 
-0.851766 
-0.860984 
-0.843663 
-0.797959 
-0.861877 
-0.864299 
-0.829021 
-0.828699 
-0.851347 
-0.840173 
-0.826225 
