-0.797959 
-0.852084 
-0.853361 
-0.821066 
-0.858822 
-0.755544 
-0.745991 
-0.817434 
-0.854349 
-0.840811 
-0.831292 
-0.853865 
-0.8643 
-0.839825 
-0.828456 
-0.852974 
-0.832037 
-0.864048 
-0.759108 
-0.842104 
-0.859765 
-0.822926 
-0.793883 
-0.836958 
-0.857627 
-0.801624 
-0.864356 
-0.86422 
-0.854637 
-0.86137 
-0.862876 
-0.853026 
-0.84959 
-0.84907 
-0.84209 
-0.858237 
-0.863152 
-0.862764 
-0.781324 
-0.851766 
-0.860984 
-0.843663 
-0.797959 
-0.861877 
-0.864299 
-0.829021 
-0.828699 
-0.851347 
-0.840173 
-0.826225 
-0.433102 
-0.0196905 
-0.516066 
-0.359262 
-0.422404 
-0.0235001 
-0.363467 
-0.4552 
-0.399628 
-0.312015 
-0.363408 
-0.47904 
-0.525261 
-0.377326 
-0.40497 
-0.452074 
-0.438647 
-0.520525 
0.0608792 
-0.370189 
-0.237748 
-0.435533 
-0.332258 
-0.378759 
-0.38812 
-0.201779 
-0.362531 
-0.0390017 
-0.367744 
-0.41593 
-0.511697 
-0.155943 
-0.390587 
-0.48505 
-0.384656 
-0.43003 
-0.522757 
-0.469035 
-0.0153146 
-0.426703 
-0.0856579 
0.0882295 
-0.375026 
-0.271475 
-0.291644 
-0.516105 
-0.512661 
-0.498118 
-0.365219 
0.0331776 
